0, -21.000000
10, -20.181818
20, -20.333333
30, -20.233333
40, -20.100000
50, -19.933333
60, -19.966667
70, -20.066667
80, -20.066667
90, -19.833333
100, -19.900000
110, -19.733333
120, -19.633333
130, -19.300000
140, -19.566667
150, -19.400000
160, -19.200000
170, -18.400000
180, -18.566667
190, -18.700000
200, -19.033333
210, -18.900000
220, -19.000000
230, -19.000000
240, -19.000000
250, -18.833333
260, -18.700000
270, -18.566667
280, -18.366667
290, -18.266667
300, -18.066667
310, -17.966667
320, -17.866667
330, -17.900000
340, -18.366667
350, -18.233333
360, -18.300000
370, -17.866667
380, -18.100000
390, -17.700000
400, -17.933333
410, -17.700000
420, -17.533333
430, -17.400000
440, -17.733333
450, -18.100000
460, -17.766667
470, -17.266667
480, -17.300000
490, -17.300000
500, -17.300000
510, -17.266667
520, -17.233333
530, -17.233333
540, -17.000000
550, -17.266667
560, -17.400000
570, -17.333333
580, -16.300000
590, -15.800000
600, -15.466667
610, -16.200000
620, -16.166667
630, -16.666667
640, -16.200000
650, -16.033333
660, -14.833333
670, -14.266667
680, -14.100000
690, -14.066667
700, -14.133333
710, -14.333333
720, -14.300000
730, -14.133333
740, -13.266667
750, -12.966667
760, -13.133333
770, -13.266667
780, -13.366667
790, -13.366667
800, -13.933333
810, -14.166667
820, -13.966667
830, -14.066667
840, -13.533333
850, -12.400000
860, -10.900000
870, -10.400000
880, -9.900000
890, -9.866667
900, -9.433333
910, -9.600000
920, -9.133333
930, -8.600000
940, -8.700000
950, -8.500000
960, -8.533333
970, -8.400000
980, -8.266667
990, -8.733333
1000, -8.466667
1010, -8.866667
1020, -8.400000
1030, -8.933333
1040, -8.733333
1050, -8.900000
1060, -8.366667
1070, -7.700000
1080, -7.533333
1090, -7.100000
1100, -7.633333
1110, -8.000000
1120, -7.700000
1130, -7.900000
1140, -7.633333
1150, -8.100000
1160, -7.266667
1170, -6.366667
1180, -5.833333
1190, -6.333333
1200, -6.366667
1210, -6.133333
1220, -5.500000
1230, -5.866667
1240, -6.566667
1250, -7.766667
1260, -7.966667
1270, -8.033333
1280, -7.000000
1290, -7.300000
1300, -6.766667
1310, -7.300000
1320, -7.100000
1330, -7.000000
1340, -6.466667
1350, -6.166667
1360, -6.866667
1370, -6.800000
1380, -6.966667
1390, -6.866667
1400, -6.400000
1410, -5.766667
1420, -4.900000
1430, -4.933333
1440, -5.333333
1450, -6.000000
1460, -5.366667
1470, -5.333333
1480, -4.700000
1490, -5.033333
1500, -5.600000
1510, -5.633333
1520, -5.866667
1530, -4.966667
1540, -5.166667
1550, -5.600000
1560, -5.633333
1570, -4.700000
1580, -4.466667
1590, -4.500000
1600, -5.133333
1610, -5.433333
1620, -5.233333
1630, -5.166667
1640, -4.366667
1650, -4.833333
1660, -4.966667
1670, -5.666667
1680, -6.100000
1690, -5.433333
1700, -4.866667
1710, -4.166667
1720, -4.933333
1730, -4.500000
1740, -4.033333
1750, -3.033333
1760, -3.833333
1770, -4.100000
1780, -5.066667
1790, -4.500000
1800, -4.133333
1810, -3.466667
1820, -4.333333
1830, -4.900000
1840, -5.566667
1850, -5.400000
1860, -5.466667
1870, -5.666667
1880, -5.766667
1890, -5.900000
1900, -5.133333
1910, -4.600000
1920, -5.100000
1930, -5.633333
1940, -5.500000
1950, -5.233333
1960, -4.733333
1970, -4.300000
1980, -2.966667
1990, -3.466667
2000, -3.400000
2010, -4.266667
2020, -3.466667
2030, -3.866667
2040, -3.133333
2050, -3.766667
2060, -3.900000
2070, -3.700000
2080, -3.800000
2090, -3.966667
2100, -4.200000
2110, -3.600000
2120, -3.233333
2130, -3.333333
2140, -4.266667
2150, -4.666667
2160, -4.966667
2170, -4.333333
2180, -3.733333
2190, -3.733333
2200, -3.033333
2210, -3.633333
2220, -3.433333
2230, -4.033333
2240, -2.833333
2250, -2.900000
2260, -2.166667
2270, -1.800000
2280, -1.600000
2290, -2.100000
2300, -2.766667
2310, -2.033333
2320, -1.600000
2330, -3.266667
2340, -3.400000
2350, -4.133333
2360, -2.366667
2370, -3.333333
2380, -3.066667
2390, -3.500000
2400, -3.900000
2410, -4.166667
2420, -4.633333
2430, -4.200000
2440, -3.966667
2450, -3.500000
2460, -3.600000
2470, -3.000000
2480, -3.033333
2490, -2.700000
2500, -3.100000
2510, -2.866667
2520, -3.366667
2530, -3.733333
2540, -4.933333
2550, -4.666667
2560, -5.000000
2570, -3.900000
2580, -3.066667
2590, -2.933333
2600, -2.133333
2610, -2.066667
2620, -0.666667
2630, -1.600000
2640, -1.533333
2650, -2.266667
2660, -2.066667
2670, -2.066667
2680, -1.233333
2690, 0.233333
2700, 0.900000
2710, 0.433333
2720, -0.866667
2730, -2.633333
2740, -3.033333
2750, -2.900000
2760, -3.133333
2770, -3.600000
2780, -3.166667
2790, -2.300000
2800, -2.066667
2810, -2.200000
2820, -2.000000
2830, -1.400000
2840, -1.066667
2850, -1.100000
2860, -1.900000
2870, -3.266667
2880, -2.766667
2890, -2.333333
2900, -2.333333
2910, -3.166667
2920, -3.700000
2930, -3.333333
2940, -3.033333
2950, -2.066667
2960, -1.100000
2970, -0.633333
2980, -0.066667
2990, 0.433333
3000, 0.433333
3010, -0.866667
3020, -1.833333
3030, -2.333333
3040, -1.900000
3050, -1.666667
3060, -1.600000
3070, -1.033333
3080, -0.600000
3090, -0.766667
3100, -1.300000
3110, -2.200000
3120, -2.500000
3130, -3.333333
3140, -3.033333
3150, -2.466667
3160, -1.266667
3170, -0.366667
3180, 0.233333
3190, 0.566667
3200, -0.700000
3210, -2.533333
3220, -3.600000
3230, -3.200000
3240, -1.366667
3250, -0.066667
3260, -0.500000
3270, -0.900000
3280, -2.100000
3290, -1.866667
3300, -2.033333
3310, -0.566667
3320, -1.800000
3330, -2.566667
3340, -2.933333
3350, -2.233333
3360, -2.033333
3370, -3.233333
3380, -3.200000
3390, -2.666667
3400, -1.433333
3410, -0.366667
3420, 0.000000
3430, -1.066667
3440, -1.533333
3450, -1.766667
3460, -1.400000
3470, -1.400000
3480, -1.100000
3490, -0.800000
3500, -0.633333
3510, -0.600000
3520, -0.566667
3530, -0.133333
3540, -0.766667
3550, -0.766667
3560, -1.066667
3570, -0.200000
3580, -0.033333
3590, 0.700000
3600, -0.066667
3610, 0.033333
3620, -0.700000
3630, 0.033333
3640, -0.433333
3650, -0.233333
3660, -1.066667
3670, -1.366667
3680, -2.366667
3690, -1.633333
3700, -1.233333
3710, 0.600000
3720, -0.266667
3730, -1.066667
3740, -2.966667
3750, -2.933333
3760, -2.400000
3770, -2.300000
3780, -1.666667
3790, -1.366667
3800, 0.266667
3810, -0.166667
3820, 0.133333
3830, -0.500000
3840, -0.066667
3850, -1.433333
3860, -1.000000
3870, -1.366667
3880, 0.166667
3890, -0.866667
3900, -1.033333
3910, -2.433333
3920, -3.000000
3930, -2.766667
3940, -1.000000
3950, 0.333333
3960, -0.300000
3970, -0.700000
3980, 0.500000
3990, 2.266667
4000, 3.200000
4010, 2.600000
4020, 2.666667
4030, 0.300000
4040, -1.000000
4050, -1.600000
4060, -1.466667
4070, -1.166667
4080, -1.133333
4090, 0.866667
4100, 0.666667
4110, 1.466667
4120, 0.466667
4130, 0.700000
4140, -0.366667
4150, 0.500000
4160, 0.966667
4170, 1.900000
4180, 1.333333
4190, 1.600000
4200, 1.466667
4210, 1.066667
4220, -0.133333
4230, -0.200000
4240, 0.333333
4250, 1.600000
4260, 0.266667
4270, 0.833333
4280, 1.400000
4290, 2.300000
4300, 2.366667
4310, 1.400000
4320, 1.533333
4330, 1.766667
4340, 2.766667
4350, 3.400000
4360, 2.900000
4370, 2.766667
4380, 3.066667
4390, 2.566667
4400, 1.966667
4410, 1.233333
4420, 1.500000
4430, 2.066667
4440, 2.700000
4450, 2.400000
4460, 2.766667
4470, 3.100000
4480, 4.266667
4490, 4.433333
4500, 4.266667
4510, 3.933333
4520, 2.700000
4530, 2.666667
4540, 2.000000
4550, 2.833333
4560, 3.266667
4570, 4.333333
4580, 4.233333
4590, 2.300000
4600, 1.700000
4610, 2.100000
4620, 3.366667
4630, 3.933333
4640, 3.666667
4650, 3.233333
4660, 2.033333
4670, 1.300000
4680, 1.666667
4690, 2.966667
4700, 3.366667
4710, 4.266667
4720, 4.333333
4730, 4.200000
4740, 3.400000
4750, 3.933333
4760, 4.233333
4770, 3.433333
4780, 2.966667
4790, 2.500000
4800, 3.066667
4810, 2.200000
4820, 1.833333
4830, 2.566667
4840, 3.300000
4850, 3.333333
4860, 1.966667
4870, 0.366667
4880, 1.100000
4890, 2.033333
4900, 2.233333
4910, 0.933333
4920, 1.433333
4930, 1.733333
4940, 2.566667
4950, 1.700000
4960, 1.433333
4970, 1.200000
4980, 0.166667
4990, 0.333333
5000, 0.700000
5010, 0.800000
5020, 0.466667
5030, -0.900000
5040, -0.633333
5050, -0.633333
5060, 0.800000
5070, 2.000000
5080, 1.600000
5090, 1.633333
5100, 1.733333
5110, 2.466667
5120, 2.033333
5130, 1.733333
5140, 2.666667
5150, 2.900000
5160, 1.600000
5170, 0.400000
5180, -0.233333
5190, -0.033333
5200, 0.100000
5210, 0.900000
5220, 1.700000
5230, 2.000000
5240, 1.600000
5250, 1.633333
5260, 1.600000
5270, 2.266667
5280, 2.533333
5290, 2.466667
5300, 1.733333
5310, 1.800000
5320, 1.766667
5330, 1.800000
5340, 1.066667
5350, 1.333333
5360, 2.600000
5370, 1.500000
5380, 0.966667
5390, -0.366667
5400, 0.733333
5410, 0.733333
5420, 2.000000
5430, 2.433333
5440, 4.133333
5450, 3.100000
5460, 2.366667
5470, 1.266667
5480, 1.900000
5490, 2.866667
5500, 3.400000
5510, 2.266667
5520, 1.733333
5530, 1.133333
5540, 0.833333
5550, 1.000000
5560, 0.133333
5570, -0.133333
5580, -0.900000
5590, 0.233333
5600, 1.733333
5610, 2.033333
5620, 1.366667
5630, 1.333333
5640, 1.500000
5650, 1.033333
5660, 0.333333
5670, 0.633333
5680, 1.666667
5690, 2.533333
5700, 2.400000
5710, 1.866667
5720, 2.400000
5730, 2.200000
5740, 1.100000
5750, 0.166667
5760, 0.700000
5770, 1.633333
5780, 0.900000
5790, -0.566667
5800, -0.833333
5810, -0.066667
5820, 1.533333
5830, 1.600000
5840, 1.233333
5850, 1.900000
5860, 2.266667
5870, 2.366667
5880, 1.400000
5890, 2.666667
5900, 2.933333
5910, 2.100000
5920, 1.800000
5930, 2.633333
5940, 3.600000
5950, 3.033333
5960, 1.200000
5970, -0.733333
5980, -1.266667
5990, -0.566667
6000, 0.800000
6010, 1.833333
6020, 2.666667
6030, 3.333333
6040, 3.033333
6050, 2.500000
6060, 1.933333
6070, 2.000000
6080, 1.166667
6090, 2.133333
6100, 1.900000
6110, 3.566667
6120, 2.166667
6130, 2.200000
6140, 1.100000
6150, 2.833333
6160, 3.300000
6170, 3.566667
6180, 2.500000
6190, 2.700000
6200, 2.900000
6210, 3.800000
6220, 3.333333
6230, 3.900000
6240, 3.333333
6250, 3.800000
6260, 4.366667
6270, 3.933333
6280, 3.633333
6290, 0.966667
6300, 1.633333
6310, 2.033333
6320, 3.333333
6330, 3.666667
6340, 2.600000
6350, 2.800000
6360, 2.366667
6370, 2.833333
6380, 3.500000
6390, 2.733333
6400, 1.966667
6410, 0.633333
6420, 0.966667
6430, 0.766667
6440, 0.566667
6450, -0.633333
6460, -0.200000
6470, -1.566667
6480, -0.266667
6490, 0.433333
6500, 2.266667
6510, 3.400000
6520, 3.333333
6530, 3.933333
6540, 3.466667
6550, 4.000000
6560, 4.366667
6570, 4.400000
6580, 4.100000
6590, 3.900000
6600, 3.433333
6610, 2.700000
6620, 2.266667
6630, 2.600000
6640, 2.433333
6650, 3.166667
6660, 2.000000
6670, 2.966667
6680, 1.533333
6690, 2.566667
6700, 1.900000
6710, 2.133333
6720, 1.833333
6730, 3.000000
6740, 3.633333
6750, 3.800000
6760, 3.400000
6770, 3.766667
6780, 3.333333
6790, 2.300000
6800, 1.066667
6810, 1.000000
6820, -0.033333
6830, 1.233333
6840, 1.966667
6850, 3.500000
6860, 3.600000
6870, 3.133333
6880, 3.500000
6890, 3.100000
6900, 2.766667
6910, 3.866667
6920, 3.800000
6930, 4.533333
6940, 3.800000
6950, 4.766667
6960, 5.133333
6970, 5.166667
6980, 4.600000
6990, 4.300000
7000, 3.866667
7010, 4.133333
7020, 4.600000
7030, 4.233333
7040, 3.866667
7050, 3.333333
7060, 3.600000
7070, 3.033333
7080, 3.600000
7090, 3.500000
7100, 4.400000
7110, 4.333333
7120, 5.500000
7130, 5.366667
7140, 4.866667
7150, 4.533333
7160, 4.500000
7170, 4.400000
7180, 3.633333
7190, 3.933333
7200, 4.733333
7210, 5.766667
7220, 4.966667
7230, 4.466667
7240, 4.400000
7250, 4.200000
7260, 3.966667
7270, 2.333333
7280, 2.933333
7290, 3.366667
7300, 4.266667
7310, 4.333333
7320, 4.466667
7330, 4.233333
7340, 4.333333
7350, 4.433333
7360, 4.400000
7370, 4.100000
7380, 4.500000
7390, 5.100000
7400, 4.900000
7410, 4.566667
7420, 4.500000
7430, 4.000000
7440, 3.600000
7450, 2.666667
7460, 3.366667
7470, 2.566667
7480, 2.600000
7490, 3.133333
7500, 3.600000
7510, 3.466667
7520, 2.466667
7530, 2.200000
7540, 3.466667
7550, 3.600000
7560, 4.000000
7570, 3.066667
7580, 3.333333
7590, 3.666667
7600, 4.633333
7610, 5.033333
7620, 4.233333
7630, 3.166667
7640, 3.500000
7650, 3.500000
7660, 3.633333
7670, 2.600000
7680, 2.533333
7690, 2.033333
7700, 2.033333
7710, 2.266667
7720, 3.233333
7730, 3.666667
7740, 3.566667
7750, 3.166667
7760, 2.766667
7770, 2.366667
7780, 1.600000
7790, 0.466667
7800, -0.800000
7810, -1.266667
7820, -0.433333
7830, 0.900000
7840, 2.233333
7850, 3.566667
7860, 3.900000
7870, 4.133333
7880, 3.566667
7890, 4.933333
7900, 5.433333
7910, 5.833333
7920, 4.133333
7930, 3.233333
7940, 2.166667
7950, 2.666667
7960, 2.233333
7970, 2.400000
7980, 2.766667
7990, 3.533333
8000, 4.200000
8010, 3.800000
8020, 3.166667
8030, 1.933333
8040, 2.533333
8050, 3.800000
8060, 4.766667
8070, 4.066667
8080, 3.600000
8090, 3.700000
8100, 3.433333
8110, 2.666667
8120, 1.266667
8130, 1.933333
8140, 3.066667
8150, 4.500000
8160, 4.233333
8170, 3.733333
8180, 3.566667
8190, 3.466667
8200, 3.866667
8210, 3.533333
8220, 3.600000
8230, 3.066667
8240, 4.033333
8250, 4.266667
8260, 3.900000
8270, 2.300000
8280, 0.600000
8290, 0.066667
8300, 1.133333
8310, 2.633333
8320, 3.266667
8330, 2.800000
8340, 2.933333
8350, 4.200000
8360, 4.700000
8370, 5.100000
8380, 4.766667
8390, 4.533333
8400, 3.333333
8410, 3.400000
8420, 4.600000
8430, 5.066667
8440, 4.066667
8450, 2.600000
8460, 3.566667
8470, 4.700000
8480, 4.700000
8490, 4.733333
8500, 3.500000
8510, 4.300000
8520, 3.900000
8530, 4.600000
8540, 4.233333
8550, 2.833333
8560, 3.266667
8570, 3.133333
8580, 5.500000
8590, 5.166667
8600, 5.233333
8610, 4.500000
8620, 4.600000
8630, 4.833333
8640, 4.533333
8650, 3.766667
8660, 3.066667
8670, 2.933333
8680, 3.066667
8690, 3.133333
8700, 2.866667
8710, 3.933333
8720, 4.233333
8730, 4.600000
8740, 3.600000
8750, 3.533333
8760, 3.000000
8770, 2.833333
8780, 2.933333
8790, 3.600000
8800, 4.066667
8810, 4.133333
8820, 3.100000
8830, 2.800000
8840, 3.066667
8850, 3.966667
8860, 4.466667
8870, 4.933333
8880, 4.166667
8890, 3.600000
8900, 3.133333
8910, 3.900000
8920, 5.266667
8930, 5.633333
8940, 5.466667
8950, 4.200000
8960, 3.300000
8970, 3.333333
8980, 3.566667
8990, 3.800000
9000, 3.966667
9010, 2.800000
9020, 1.866667
9030, -0.466667
9040, -0.966667
9050, -0.300000
9060, 0.233333
9070, 1.466667
9080, 1.466667
9090, 3.500000
9100, 4.000000
9110, 4.266667
9120, 4.333333
9130, 5.033333
9140, 4.133333
9150, 3.666667
9160, 2.800000
9170, 3.066667
9180, 2.766667
9190, 3.133333
9200, 4.533333
9210, 3.966667
9220, 3.933333
9230, 3.166667
9240, 4.866667
9250, 4.733333
9260, 5.133333
9270, 4.666667
9280, 5.333333
9290, 4.566667
9300, 3.800000
9310, 2.866667
9320, 3.566667
9330, 4.866667
9340, 5.166667
9350, 4.800000
9360, 4.166667
9370, 3.900000
9380, 3.966667
9390, 4.300000
9400, 3.566667
9410, 3.833333
9420, 3.300000
9430, 4.266667
9440, 3.466667
9450, 3.000000
9460, 2.933333
9470, 2.966667
9480, 2.266667
9490, 1.666667
9500, 2.066667
9510, 3.400000
9520, 4.166667
9530, 4.766667
9540, 4.666667
9550, 4.433333
9560, 4.100000
9570, 4.800000
9580, 4.600000
9590, 5.233333
9600, 4.200000
9610, 5.900000
9620, 4.933333
9630, 6.133333
9640, 4.633333
9650, 4.333333
9660, 2.766667
9670, 2.233333
9680, 2.666667
9690, 3.733333
9700, 3.900000
9710, 4.433333
9720, 3.800000
9730, 4.466667
9740, 3.766667
9750, 4.633333
9760, 3.633333
9770, 3.833333
9780, 2.866667
9790, 4.566667
9800, 4.800000
9810, 5.333333
9820, 4.933333
9830, 5.233333
9840, 4.300000
9850, 3.866667
9860, 3.433333
9870, 4.533333
9880, 3.700000
9890, 3.433333
9900, 2.866667
9910, 3.500000
9920, 3.166667
9930, 3.800000
9940, 3.633333
9950, 4.733333
9960, 3.266667
9970, 3.266667
9980, 1.600000
9990, 1.500000
10000, 0.266667
10010, 0.366667
10020, 0.333333
10030, 1.900000
10040, 1.600000
10050, 1.266667
10060, 0.666667
10070, 1.333333
10080, 2.400000
10090, 2.500000
10100, 2.366667
10110, 3.133333
10120, 3.866667
10130, 4.933333
10140, 4.533333
10150, 4.366667
10160, 4.200000
10170, 4.000000
10180, 3.300000
10190, 3.033333
10200, 4.033333
10210, 4.700000
10220, 5.133333
10230, 4.533333
10240, 5.466667
10250, 5.233333
10260, 4.933333
10270, 4.466667
10280, 4.966667
10290, 5.733333
10300, 4.400000
10310, 4.133333
10320, 3.633333
10330, 4.133333
10340, 3.533333
10350, 3.733333
10360, 3.433333
10370, 4.633333
10380, 4.500000
10390, 5.133333
10400, 4.800000
10410, 4.766667
10420, 4.733333
10430, 4.866667
10440, 6.000000
10450, 5.700000
10460, 6.400000
10470, 5.066667
10480, 4.733333
10490, 4.233333
10500, 4.700000
10510, 5.566667
10520, 4.900000
10530, 4.866667
10540, 5.066667
10550, 5.133333
10560, 5.233333
10570, 5.766667
10580, 6.833333
10590, 7.233333
10600, 7.566667
10610, 7.100000
10620, 6.466667
10630, 5.500000
10640, 4.366667
10650, 5.200000
10660, 5.933333
10670, 6.566667
10680, 6.566667
10690, 6.566667
10700, 6.733333
10710, 6.966667
10720, 5.466667
10730, 5.166667
10740, 3.866667
10750, 4.700000
10760, 5.233333
10770, 5.233333
10780, 5.133333
10790, 4.633333
10800, 5.400000
10810, 5.533333
10820, 6.333333
10830, 6.066667
10840, 6.200000
10850, 5.933333
10860, 5.266667
10870, 5.100000
10880, 4.366667
10890, 4.533333
10900, 3.300000
10910, 3.100000
10920, 2.433333
10930, 2.600000
10940, 2.666667
10950, 2.466667
10960, 4.033333
10970, 4.900000
10980, 6.133333
10990, 5.166667
11000, 4.733333
11010, 5.166667
11020, 5.600000
11030, 5.766667
11040, 5.933333
11050, 6.333333
11060, 5.933333
11070, 6.366667
11080, 6.066667
11090, 6.266667
11100, 5.366667
11110, 4.800000
11120, 4.866667
11130, 5.000000
11140, 5.600000
11150, 6.100000
11160, 5.866667
11170, 5.666667
11180, 4.533333
11190, 4.600000
11200, 4.633333
11210, 5.333333
11220, 5.566667
11230, 6.233333
11240, 6.833333
11250, 6.700000
11260, 5.900000
11270, 5.633333
11280, 5.366667
11290, 5.700000
11300, 5.566667
11310, 5.133333
11320, 4.933333
11330, 4.500000
11340, 5.633333
11350, 6.333333
11360, 6.633333
11370, 6.833333
11380, 7.233333
11390, 7.400000
11400, 6.733333
11410, 5.900000
11420, 4.833333
11430, 4.600000
11440, 5.033333
11450, 5.566667
11460, 4.900000
11470, 5.000000
11480, 6.500000
11490, 8.266667
11500, 8.166667
11510, 7.100000
11520, 7.100000
11530, 6.766667
11540, 7.066667
11550, 6.566667
11560, 6.400000
11570, 6.266667
11580, 5.166667
11590, 5.766667
11600, 6.666667
11610, 8.333333
11620, 8.833333
11630, 7.933333
11640, 7.700000
11650, 6.633333
11660, 6.866667
11670, 5.733333
11680, 5.700000
11690, 4.300000
11700, 5.700000
11710, 5.666667
11720, 6.700000
11730, 6.333333
11740, 6.100000
11750, 7.033333
11760, 6.633333
11770, 7.000000
11780, 6.333333
11790, 5.600000
11800, 6.533333
11810, 5.866667
11820, 7.266667
11830, 6.633333
11840, 6.833333
11850, 6.833333
11860, 6.466667
11870, 6.500000
11880, 5.566667
11890, 6.666667
11900, 7.366667
11910, 8.033333
11920, 7.600000
11930, 6.766667
11940, 6.766667
11950, 6.600000
11960, 6.633333
11970, 6.633333
11980, 6.166667
11990, 7.000000
12000, 6.166667
12010, 6.033333
12020, 5.766667
12030, 6.400000
12040, 6.533333
12050, 6.266667
12060, 6.100000
12070, 6.000000
12080, 6.400000
12090, 6.066667
12100, 5.600000
12110, 5.300000
12120, 6.800000
12130, 6.666667
12140, 6.700000
12150, 5.833333
12160, 5.900000
12170, 6.666667
12180, 6.266667
12190, 7.000000
12200, 5.833333
12210, 6.733333
12220, 7.400000
12230, 8.000000
12240, 7.066667
12250, 5.900000
12260, 6.400000
12270, 7.000000
12280, 7.833333
12290, 7.100000
12300, 6.266667
12310, 5.700000
12320, 6.233333
12330, 6.366667
12340, 7.233333
12350, 7.066667
12360, 8.433333
12370, 7.800000
12380, 8.700000
12390, 8.066667
12400, 8.566667
12410, 7.633333
12420, 7.366667
12430, 7.466667
12440, 7.133333
12450, 7.000000
12460, 6.200000
12470, 6.033333
12480, 6.400000
12490, 7.133333
12500, 8.000000
12510, 8.400000
12520, 7.933333
12530, 8.500000
12540, 6.900000
12550, 6.800000
12560, 5.933333
12570, 6.633333
12580, 6.300000
12590, 5.900000
12600, 6.300000
12610, 5.566667
12620, 5.966667
12630, 4.333333
12640, 5.366667
12650, 4.600000
12660, 5.000000
12670, 4.666667
12680, 4.033333
12690, 4.100000
12700, 4.333333
12710, 4.566667
12720, 4.900000
12730, 4.900000
12740, 4.900000
12750, 5.766667
12760, 5.733333
12770, 6.466667
12780, 6.300000
12790, 6.700000
12800, 6.800000
12810, 6.833333
12820, 6.066667
12830, 6.033333
12840, 6.066667
12850, 6.800000
12860, 6.133333
12870, 6.566667
12880, 7.266667
12890, 7.666667
12900, 6.900000
12910, 5.766667
12920, 6.100000
12930, 6.400000
12940, 6.100000
12950, 6.200000
12960, 6.400000
12970, 7.700000
12980, 8.100000
12990, 7.600000
13000, 6.733333
13010, 5.933333
13020, 5.900000
13030, 6.233333
13040, 6.700000
13050, 7.066667
13060, 6.500000
13070, 6.800000
13080, 6.200000
13090, 6.300000
13100, 5.166667
13110, 5.633333
13120, 5.600000
13130, 6.766667
13140, 6.500000
13150, 6.766667
13160, 6.700000
13170, 6.633333
13180, 6.133333
13190, 6.233333
13200, 6.266667
13210, 6.933333
13220, 7.133333
13230, 7.266667
13240, 6.866667
13250, 6.133333
13260, 6.233333
13270, 6.700000
13280, 7.500000
13290, 8.300000
13300, 8.766667
13310, 8.233333
13320, 7.066667
13330, 6.833333
13340, 6.333333
13350, 5.933333
13360, 4.466667
13370, 4.000000
13380, 5.233333
13390, 5.466667
13400, 5.700000
13410, 4.966667
13420, 6.300000
13430, 5.400000
13440, 4.966667
13450, 3.400000
13460, 2.600000
13470, 2.133333
13480, 2.633333
13490, 4.566667
13500, 5.100000
13510, 5.066667
13520, 4.533333
13530, 5.200000
13540, 6.166667
13550, 6.100000
13560, 6.100000
13570, 5.266667
13580, 6.400000
13590, 6.633333
13600, 7.066667
13610, 6.900000
13620, 7.000000
13630, 6.200000
13640, 7.000000
13650, 6.433333
13660, 7.966667
13670, 7.733333
13680, 8.600000
13690, 8.200000
13700, 7.866667
13710, 7.800000
13720, 7.933333
13730, 7.466667
13740, 6.466667
13750, 6.066667
13760, 5.600000
13770, 5.366667
13780, 5.000000
13790, 5.133333
13800, 6.400000
13810, 7.633333
13820, 8.666667
13830, 8.100000
13840, 6.933333
13850, 5.366667
13860, 5.500000
13870, 4.866667
13880, 5.933333
13890, 5.466667
13900, 5.633333
13910, 3.700000
13920, 3.500000
13930, 3.433333
13940, 5.766667
13950, 6.300000
13960, 6.833333
13970, 6.266667
13980, 5.466667
13990, 5.666667
14000, 6.166667
14010, 6.300000
14020, 5.066667
14030, 4.533333
14040, 5.066667
14050, 6.433333
14060, 6.966667
14070, 7.166667
14080, 6.933333
14090, 5.566667
14100, 6.166667
14110, 6.066667
14120, 7.100000
14130, 6.966667
14140, 8.200000
14150, 8.333333
14160, 8.200000
14170, 7.266667
14180, 6.700000
14190, 7.333333
14200, 8.066667
14210, 7.900000
14220, 6.400000
14230, 5.966667
14240, 6.366667
14250, 6.500000
14260, 5.900000
14270, 5.400000
14280, 5.366667
14290, 6.066667
14300, 6.666667
14310, 7.133333
14320, 7.333333
14330, 7.500000
14340, 7.533333
14350, 8.033333
14360, 7.533333
14370, 7.466667
14380, 6.500000
14390, 6.900000
14400, 6.466667
14410, 6.200000
14420, 6.033333
14430, 4.766667
14440, 4.800000
14450, 5.033333
14460, 6.733333
14470, 6.300000
14480, 7.000000
14490, 7.300000
14500, 8.433333
14510, 7.300000
14520, 7.066667
14530, 6.500000
14540, 5.933333
14550, 5.633333
14560, 5.033333
14570, 5.600000
14580, 4.933333
14590, 4.900000
14600, 5.433333
14610, 6.166667
14620, 6.433333
14630, 7.100000
14640, 8.133333
14650, 8.466667
14660, 8.233333
14670, 8.000000
14680, 8.666667
14690, 8.133333
14700, 7.100000
14710, 6.533333
14720, 6.633333
14730, 7.433333
14740, 7.166667
14750, 8.600000
14760, 9.266667
14770, 10.233333
14780, 8.800000
14790, 8.466667
14800, 8.733333
14810, 8.366667
14820, 7.800000
14830, 6.566667
14840, 7.566667
14850, 8.200000
14860, 8.700000
14870, 8.366667
14880, 8.166667
14890, 9.300000
14900, 9.366667
14910, 9.700000
14920, 8.733333
14930, 8.800000
14940, 8.433333
14950, 9.200000
14960, 9.400000
14970, 8.866667
14980, 8.233333
14990, 7.933333
15000, 8.066667
15010, 8.033333
15020, 8.100000
15030, 8.733333
15040, 8.200000
15050, 8.900000
15060, 8.966667
15070, 9.966667
15080, 9.533333
15090, 9.266667
15100, 8.633333
15110, 7.400000
15120, 7.733333
15130, 8.066667
15140, 8.833333
15150, 8.533333
15160, 7.833333
15170, 7.000000
15180, 5.166667
15190, 4.733333
15200, 6.000000
15210, 7.366667
15220, 7.600000
15230, 7.533333
15240, 8.033333
15250, 9.600000
15260, 9.333333
15270, 9.266667
15280, 8.333333
15290, 9.000000
15300, 8.900000
15310, 8.300000
15320, 7.700000
15330, 7.266667
15340, 8.066667
15350, 6.900000
15360, 6.633333
15370, 6.166667
15380, 7.100000
15390, 7.333333
15400, 7.733333
15410, 8.233333
15420, 8.700000
15430, 8.866667
15440, 8.466667
15450, 8.100000
15460, 7.300000
15470, 8.233333
15480, 6.933333
15490, 6.500000
15500, 4.666667
15510, 5.366667
15520, 5.633333
15530, 6.433333
15540, 7.700000
15550, 8.600000
15560, 8.200000
15570, 7.166667
15580, 6.433333
15590, 6.600000
15600, 6.966667
15610, 7.133333
15620, 5.933333
15630, 6.266667
15640, 6.333333
15650, 7.433333
15660, 6.900000
15670, 7.500000
15680, 7.966667
15690, 7.700000
15700, 7.400000
15710, 7.600000
15720, 8.833333
15730, 8.566667
15740, 8.633333
15750, 8.200000
15760, 8.466667
15770, 8.733333
15780, 7.966667
15790, 7.733333
15800, 6.933333
15810, 7.666667
15820, 7.600000
15830, 6.800000
15840, 6.366667
15850, 6.866667
15860, 7.833333
15870, 7.866667
15880, 6.900000
15890, 6.800000
15900, 6.533333
15910, 6.266667
15920, 5.466667
15930, 5.200000
15940, 6.333333
15950, 7.100000
15960, 6.900000
15970, 6.700000
15980, 6.700000
15990, 6.800000
16000, 7.033333
16010, 6.833333
16020, 7.900000
16030, 6.700000
16040, 6.666667
16050, 6.533333
16060, 7.833333
16070, 8.166667
16080, 8.566667
16090, 8.200000
16100, 8.800000
16110, 8.466667
16120, 8.733333
16130, 8.100000
16140, 7.033333
16150, 7.100000
16160, 6.533333
16170, 7.100000
16180, 6.600000
16190, 6.933333
16200, 6.766667
16210, 6.833333
16220, 5.433333
16230, 6.000000
16240, 6.533333
16250, 8.100000
16260, 8.466667
16270, 8.266667
16280, 8.533333
16290, 8.333333
16300, 8.833333
16310, 9.200000
16320, 9.633333
16330, 8.000000
16340, 8.000000
16350, 8.233333
16360, 9.500000
16370, 9.700000
16380, 9.433333
16390, 8.933333
16400, 8.566667
16410, 8.766667
16420, 8.800000
16430, 9.100000
16440, 8.233333
16450, 7.800000
16460, 7.166667
16470, 6.633333
16480, 7.166667
16490, 6.100000
16500, 6.666667
16510, 6.833333
16520, 8.633333
16530, 9.166667
16540, 9.033333
16550, 9.166667
16560, 8.600000
16570, 8.733333
16580, 8.100000
16590, 9.066667
16600, 9.300000
16610, 9.033333
16620, 7.766667
16630, 7.766667
16640, 8.000000
16650, 8.266667
16660, 8.166667
16670, 8.533333
16680, 9.533333
16690, 9.800000
16700, 9.300000
16710, 7.766667
16720, 7.766667
16730, 8.000000
16740, 8.833333
16750, 8.200000
16760, 8.566667
16770, 9.166667
16780, 9.800000
16790, 9.966667
16800, 8.766667
16810, 8.200000
16820, 7.266667
16830, 8.133333
16840, 8.533333
16850, 9.833333
16860, 9.200000
16870, 8.100000
16880, 6.466667
16890, 6.966667
16900, 8.333333
16910, 9.733333
16920, 9.866667
16930, 9.633333
16940, 8.566667
16950, 8.700000
16960, 7.633333
16970, 6.933333
16980, 6.700000
16990, 8.066667
17000, 9.200000
17010, 9.200000
17020, 9.033333
17030, 8.866667
17040, 9.133333
17050, 8.933333
17060, 8.633333
17070, 8.266667
17080, 7.766667
17090, 7.966667
17100, 7.700000
17110, 7.933333
17120, 7.866667
17130, 8.166667
17140, 8.600000
17150, 8.866667
17160, 7.766667
17170, 7.466667
17180, 7.533333
17190, 8.766667
17200, 8.500000
17210, 8.333333
17220, 8.100000
17230, 8.533333
17240, 7.933333
17250, 8.133333
17260, 8.333333
17270, 8.933333
17280, 8.900000
17290, 8.800000
17300, 8.500000
17310, 8.300000
17320, 7.766667
17330, 8.133333
17340, 9.066667
17350, 9.133333
17360, 8.433333
17370, 6.833333
17380, 6.666667
17390, 7.433333
17400, 8.166667
17410, 7.900000
17420, 7.633333
17430, 7.066667
17440, 8.133333
17450, 8.400000
17460, 8.833333
17470, 7.733333
17480, 7.466667
17490, 7.466667
17500, 7.833333
17510, 8.466667
17520, 9.066667
17530, 10.000000
17540, 9.666667
17550, 9.633333
17560, 8.900000
17570, 8.033333
17580, 7.600000
17590, 7.866667
17600, 8.633333
17610, 8.833333
17620, 9.700000
17630, 9.700000
17640, 8.566667
17650, 7.666667
17660, 8.566667
17670, 9.133333
17680, 8.633333
17690, 8.700000
17700, 8.966667
17710, 9.400000
17720, 8.966667
17730, 8.866667
17740, 8.433333
17750, 8.066667
17760, 8.266667
17770, 9.000000
17780, 8.533333
17790, 8.600000
17800, 8.100000
17810, 8.100000
17820, 8.366667
17830, 8.666667
17840, 9.066667
17850, 8.200000
17860, 8.100000
17870, 7.766667
17880, 8.866667
17890, 8.833333
17900, 8.600000
17910, 7.866667
17920, 8.000000
17930, 7.766667
17940, 7.666667
17950, 7.766667
17960, 9.000000
17970, 9.433333
17980, 9.100000
17990, 8.600000
18000, 8.833333
18010, 9.766667
18020, 9.033333
18030, 8.633333
18040, 7.700000
18050, 8.000000
18060, 8.033333
18070, 8.533333
18080, 7.766667
18090, 7.266667
18100, 6.566667
18110, 7.966667
18120, 8.400000
18130, 8.500000
18140, 7.800000
18150, 7.900000
18160, 8.366667
18170, 8.533333
18180, 7.066667
18190, 6.933333
18200, 7.066667
18210, 9.266667
18220, 8.866667
18230, 8.833333
18240, 7.566667
18250, 7.266667
18260, 7.000000
18270, 6.800000
18280, 6.500000
18290, 6.500000
18300, 7.100000
18310, 7.000000
18320, 6.700000
18330, 6.600000
18340, 7.133333
18350, 6.900000
18360, 6.033333
18370, 5.033333
18380, 5.000000
18390, 6.066667
18400, 7.533333
18410, 8.000000
18420, 7.200000
18430, 6.933333
18440, 6.966667
18450, 7.300000
18460, 7.566667
18470, 7.566667
18480, 7.800000
18490, 6.500000
18500, 7.133333
18510, 6.633333
18520, 6.833333
18530, 6.266667
18540, 6.533333
18550, 6.633333
18560, 6.333333
18570, 7.166667
18580, 6.433333
18590, 7.200000
18600, 5.200000
18610, 6.266667
18620, 5.666667
18630, 6.733333
18640, 7.333333
18650, 6.866667
18660, 7.200000
18670, 7.166667
18680, 8.066667
18690, 8.433333
18700, 8.000000
18710, 8.266667
18720, 8.633333
18730, 9.166667
18740, 8.533333
18750, 8.033333
18760, 7.500000
18770, 8.133333
18780, 6.966667
18790, 7.966667
18800, 7.866667
18810, 9.033333
18820, 8.700000
18830, 8.400000
18840, 8.133333
18850, 7.500000
18860, 8.100000
18870, 8.933333
18880, 8.166667
18890, 7.733333
18900, 7.166667
18910, 8.466667
18920, 8.133333
18930, 6.833333
18940, 6.833333
18950, 7.633333
18960, 8.900000
18970, 9.300000
18980, 8.933333
18990, 8.766667
19000, 8.500000
19010, 8.633333
19020, 7.666667
19030, 7.000000
19040, 6.266667
19050, 6.700000
19060, 6.066667
19070, 5.766667
19080, 4.633333
19090, 4.033333
19100, 4.866667
19110, 6.066667
19120, 7.200000
19130, 7.366667
19140, 7.833333
19150, 7.866667
19160, 7.366667
19170, 7.133333
19180, 7.133333
19190, 6.700000
19200, 7.066667
19210, 6.700000
19220, 6.433333
19230, 4.266667
19240, 4.600000
19250, 5.500000
19260, 7.466667
19270, 7.800000
19280, 7.500000
19290, 6.566667
19300, 6.033333
19310, 5.366667
19320, 6.166667
19330, 7.033333
19340, 8.066667
19350, 7.566667
19360, 6.600000
19370, 6.266667
19380, 7.100000
19390, 8.000000
19400, 9.100000
19410, 9.066667
19420, 7.766667
19430, 6.666667
19440, 6.666667
19450, 7.800000
19460, 8.100000
19470, 8.233333
19480, 8.600000
19490, 8.400000
19500, 7.400000
19510, 6.833333
19520, 6.700000
19530, 7.966667
19540, 8.266667
19550, 8.600000
19560, 9.000000
19570, 8.500000
19580, 8.433333
19590, 7.433333
19600, 7.633333
19610, 8.433333
19620, 8.733333
19630, 8.500000
19640, 7.733333
19650, 7.400000
19660, 7.700000
19670, 7.400000
19680, 7.633333
19690, 8.066667
19700, 8.066667
19710, 7.733333
19720, 7.033333
19730, 7.133333
19740, 6.266667
19750, 6.766667
19760, 6.700000
19770, 7.600000
19780, 7.100000
19790, 7.600000
19800, 8.266667
19810, 8.833333
19820, 9.133333
19830, 9.066667
19840, 9.566667
19850, 9.433333
19860, 8.500000
19870, 7.166667
19880, 5.100000
19890, 4.400000
19900, 3.966667
19910, 5.066667
19920, 5.966667
19930, 6.533333
19940, 6.333333
19950, 5.566667
19960, 5.600000
19970, 5.900000
19980, 6.033333
19990, 5.800000
20000, 5.433333
20010, 6.166667
20020, 6.233333
20030, 7.633333
20040, 7.466667
20050, 7.166667
20060, 5.433333
20070, 5.866667
20080, 6.500000
20090, 8.066667
20100, 7.933333
20110, 8.533333
20120, 8.200000
20130, 8.200000
20140, 7.666667
20150, 8.233333
20160, 8.833333
20170, 9.100000
20180, 8.566667
20190, 9.033333
20200, 9.166667
20210, 9.533333
20220, 8.766667
20230, 9.366667
20240, 9.366667
20250, 9.900000
20260, 10.266667
20270, 10.033333
20280, 9.366667
20290, 9.300000
20300, 9.333333
20310, 10.233333
20320, 9.066667
20330, 9.233333
20340, 8.300000
20350, 9.433333
20360, 9.366667
20370, 9.500000
20380, 8.233333
20390, 8.133333
20400, 8.100000
20410, 8.600000
20420, 8.966667
20430, 8.633333
20440, 7.966667
20450, 7.600000
20460, 7.266667
20470, 8.266667
20480, 7.700000
20490, 8.066667
20500, 7.733333
20510, 8.266667
20520, 8.166667
20530, 8.000000
20540, 8.766667
20550, 9.166667
20560, 8.666667
20570, 7.966667
20580, 8.700000
20590, 10.166667
20600, 9.733333
20610, 9.466667
20620, 8.866667
20630, 8.600000
20640, 7.033333
20650, 5.900000
20660, 6.966667
20670, 7.866667
20680, 8.000000
20690, 7.066667
20700, 7.733333
20710, 8.600000
20720, 8.700000
20730, 7.266667
20740, 6.733333
20750, 7.233333
20760, 7.833333
20770, 7.866667
20780, 7.133333
20790, 7.066667
20800, 7.066667
20810, 7.266667
20820, 7.066667
20830, 7.933333
20840, 8.233333
20850, 8.366667
20860, 7.233333
20870, 6.333333
20880, 6.033333
20890, 6.200000
20900, 6.400000
20910, 6.633333
20920, 7.066667
20930, 6.733333
20940, 6.433333
20950, 6.266667
20960, 6.566667
20970, 7.066667
20980, 6.733333
20990, 6.833333
21000, 6.500000
21010, 6.966667
21020, 6.800000
21030, 6.400000
21040, 5.933333
21050, 6.033333
21060, 6.466667
21070, 5.200000
21080, 4.933333
21090, 5.433333
21100, 6.033333
21110, 5.366667
21120, 5.366667
21130, 6.300000
21140, 7.833333
21150, 6.466667
21160, 6.900000
21170, 6.866667
21180, 7.433333
21190, 6.466667
21200, 5.933333
21210, 6.433333
21220, 6.966667
21230, 7.166667
21240, 7.166667
21250, 5.833333
21260, 5.866667
21270, 5.200000
21280, 6.633333
21290, 7.333333
21300, 8.133333
21310, 7.700000
21320, 7.033333
21330, 6.666667
21340, 6.966667
21350, 6.233333
21360, 7.566667
21370, 7.533333
21380, 9.000000
21390, 8.900000
21400, 8.700000
21410, 8.300000
21420, 7.700000
21430, 7.966667
21440, 7.666667
21450, 7.000000
21460, 7.066667
21470, 6.833333
21480, 6.900000
21490, 5.333333
21500, 6.100000
21510, 6.066667
21520, 7.366667
21530, 6.900000
21540, 6.733333
21550, 6.366667
21560, 5.600000
21570, 5.700000
21580, 5.833333
21590, 6.133333
21600, 7.533333
21610, 7.433333
21620, 7.833333
21630, 7.000000
21640, 7.933333
21650, 7.833333
21660, 8.033333
21670, 7.100000
21680, 7.700000
21690, 8.166667
21700, 8.866667
21710, 8.366667
21720, 7.466667
21730, 7.633333
21740, 8.033333
21750, 7.900000
21760, 7.466667
21770, 7.066667
21780, 5.833333
21790, 6.333333
21800, 6.600000
21810, 8.200000
21820, 7.766667
21830, 7.800000
21840, 8.366667
21850, 7.800000
21860, 6.800000
21870, 5.633333
